version = 0.300000
color1 = 0xff7f00ff
color2 = 0x753300e8
colorScaler = 0.000000
iterations = 5
scale = 0.500000
twist = 0.523599
numbVectors = 4
numbExits = 4
x = -173.931643
y = -214.845224
x0 = 0.000000
y0 = 0.000000
xorig = -170.000000
yorig = -238.000000
xWobble = 0.100000
yWobble = 0.100000
period = 14000
wobbleStartTime = 500
x = -204.443537
y = 61.258676
x0 = 0.000000
y0 = 0.000000
xorig = -219.000000
yorig = 57.000000
xWobble = 0.100000
yWobble = 0.100000
period = 14000
wobbleStartTime = 1090
x = -108.303781
y = -311.711275
x0 = 0.000000
y0 = 0.000000
xorig = -98.468884
yorig = -313.256681
xWobble = 0.100000
yWobble = 0.100000
period = 14000
wobbleStartTime = 213
x = -393.835088
y = -445.168274
x0 = 0.000000
y0 = 0.000000
xorig = -408.000000
yorig = -407.000000
xWobble = 0.100000
yWobble = 0.100000
period = 14000
wobbleStartTime = 1173
x = -173.931643
y = -214.845224
x = -204.443537
y = 61.258676
x = -108.303781
y = -311.711275
x = -393.835088
y = -445.168274
