version = 0.300000
color1 = 0xff00ff00
color2 = 0x8380e0
colorScaler = 0.000000
iterations = 10
scale = 0.500000
twist = 0.523599
numbVectors = 3
numbExits = 3
x = -1183.873468
y = -1173.677800
x0 = 0.000000
y0 = 0.000000
xorig = 471.148004
yorig = -123.259998
xWobble = 0.100000
yWobble = 0.100000
period = 0
