version = 0.300000
color1 = 0xff00ff00
color2 = 0x75d700e8
colorScaler = 0.000000
iterations = 7
scale = 0.500000
twist = 0.523599
numbVectors = 4
numbExits = 4
x = 0.036054
y = -175.256298
x0 = 0.000000
y0 = 0.000000
xorig = 0.033693
yorig = -188.719954
xWobble = 0.100000
yWobble = 0.100000
period = 1400
wobbleStartTime = 172194
x = -196.421759
y = -0.539976
x0 = 0.000000
y0 = 0.000000
xorig = -183.395628
yorig = -0.580865
xWobble = 0.100000
yWobble = 0.100000
period = 1400
wobbleStartTime = 239391
x = 200.425069
y = -0.163190
x0 = 0.000000
y0 = 0.000000
xorig = 186.286822
yorig = -0.174556
xWobble = 0.100000
yWobble = 0.100000
period = 1400
wobbleStartTime = 212775
x = 2.378371
y = 175.536454
x0 = 0.000000
y0 = 0.000000
xorig = 2.209999
yorig = 187.694083
xWobble = 0.100000
yWobble = 0.100000
period = 1400
wobbleStartTime = 202974
x = 0.036054
y = -175.256298
x = -196.421759
y = -0.539976
x = 200.425069
y = -0.163190
x = 2.378371
y = 175.536454
