version = 0.300000
color1 = 0xff00ff00
color2 = 0x75d700e8
colorScaler = 0.000000
iterations = 7
scale = 0.500000
twist = 0.523599
numbVectors = 4
numbExits = 4
x = 0.454404
y = 319.957200
x0 = 0.000000
y0 = 0.000000
xorig = 0.454404
yorig = 319.957200
xWobble = 0.100000
yWobble = 0.100000
period = 0
wobbleStartTime = 217502
x = -333.371100
y = -0.317239
x0 = 0.000000
y0 = 0.000000
xorig = -333.371100
yorig = -0.317239
xWobble = 0.100000
yWobble = 0.100000
period = 0
wobbleStartTime = 173491
x = -322.945580
y = 173.937453
x0 = 0.000000
y0 = 0.000000
xorig = -332.802700
yorig = 158.772600
xWobble = 0.100000
yWobble = 0.100000
period = 1400
wobbleStartTime = 44036
x = -166.466500
y = 319.754400
x0 = 0.000000
y0 = 0.000000
xorig = -166.466500
yorig = 319.754400
xWobble = 0.100000
yWobble = 0.100000
period = 0
wobbleStartTime = 213326
x = 0.454404
y = 319.957200
x = -333.371100
y = -0.317239
x = -322.945580
y = 173.937453
x = -166.466500
y = 319.754400
