version = 0.400000
color1 = 0xff00ff00
color2 = 0x762d24c8
colorScaler = 0.000000
iterations = 1
scale = 1.023496
twist = 0.258527
numbVectors = 1
numbExits = 1
x = 0.251567
y = 0.051971
x0 = 0.000000
y0 = 0.000000
xorig = 311.058793
yorig = 77.810373
xWobble = 0.100000
yWobble = 0.100000
period = 0
wobbleStartTime = 0
x = 74.545045
y = -30.278923
