version = 0.400000
color1 = 0xff00ff00
color2 = 0x75d700e8
colorScaler = 0.000000
iterations = 16
scale = 0.70000
twist = 0.784026
numbVectors = 2
numbExits = 2
x = -268.133230
y = -0.962041
x0 = 0.000000
y0 = 0.000000
xorig = 1505451412422539700000000000000000000000000000000000000000000000000000000000000000000000000000000000000000000000000000000000000000000000000000000000000000000000000000000000000000000000000000000000000000000000000000000000000000000000000000000000000000000000000.000000
yorig = 0.000000
xWobble = 1531958663521540600000000000000000000000000000000000000000000000000000000000000000000000000000000000000000000000000000000000000000000000000000000000000000000000000000000000000000000000000000000000000000000000000000000000000000000000000000000000000000000000000.000000
yWobble = 106893825614093210000000000000000000000000000000000000000000000000000000000000000000000000000000000000000000000000000000000000000000000000000000000000000000000.000000
period = 0
wobbleStartTime = 0
x = 6.733708
y = -346.351344
x0 = 0.000000
y0 = 0.000000
xorig = 197112631910771320000000000000000000000000000000000000000000000000000000000000000000000000000000000000000000000000000000000000000000000000000000000000000000000000000000000000000000000000000000000000000000000000000000000000000000000000000000000000000000000000000000000000.000000
yorig = 226548747368793350000000000000000000000000000000000000000000000000000000000000000000000000000000000000000000000000000000000000000000000000000000000000000000000000000000000000000000000000000000000000000000000000000000000000000000000000000000000000000000000000000000000000.000000
xWobble = -1.000000
yWobble = 1505451412422539700000000000000000000000000000000000000000000000000000000000000000000000000000000000000000000000000000000000000000000000000000000000000000000000000000000000000000000000000000000000000000000000000000000000000000000000000000000000000000000000000.000000
period = 0
wobbleStartTime = 0
x = -268.133230
y = -0.962041
x = 6.733708
y = -346.351344
