version = 0.400000
color1 = 0xff00ff00
color2 = 0x762d24c8
colorScaler = 0.000000
iterations = 14
scale = 0.70710678118
twist = 1.57079632679
numbVectors = 2
numbExits = 2
x = 0
y = -335.0
x0 = 0.000000
y0 = 0.000000
xorig = 3057210302594268900000000000000000000000000000000000000000000000000000000000000000000000000000000000000000000000000000000000000000000000000000000000000000000000000000000000000000000000000000000000000000000000000000000000000000000000000000000000000000000000000000000000000000000000000000000000.000000
yorig = 0.000000
xWobble = 0.000000
yWobble = 0.000000
period = 0
wobbleStartTime = 0
x = 0
y = 355.0
x0 = 0.000000
y0 = 0.000000
xorig = 0.000000
yorig = 1045744970409638100000000000000000000000000000000000000000000000000000000000000000000000000000000000000000000000000000000000000000000000000000000000000000000000000000000000000000000000000000000000000000000000000000000000000000000000000000000000000000000000000000.000000
xWobble = 0.000000
yWobble = 410233482950770600000000000000000000000000000000000000000000000000000000000000000000000000000000000000000000000000000000000000000000000000000000000000000000000000000000000000000000000000000000000000000000000000000000000000000000000000000000000000000000000000000000000.000000
period = 0
wobbleStartTime = 0
x = -1.083964
y = -335.947498
x = 1.295765
y = 355.435827
