version = 0.400000
color1 = 0xff00ff00
color2 = 0x762d24c8
colorScaler = 0.000000
iterations = 16
scale = 0.70710678118
twist = 7.068584
numbVectors = 2
numbExits = 2
x = 311.588864
y = 1.105289
x0 = 0.000000
y0 = 0.000000
xorig = 22641372678372619000000000000000000000000000000000000000000000000000000000000000000000000000000000000000000000000000000000000000000000000000000000000000000000000000000000000000000000000000000000000000000000000000000000000000000000000000000000000000000000000000000000000000000000000000.000000
yorig = 0.000000
xWobble = 0.000000
yWobble = 0.000000
period = 0
wobbleStartTime = 0
x = -298.727628
y = -0.463431
x0 = 0.000000
y0 = 0.000000
xorig = 0.000000
yorig = 1045744970409638100000000000000000000000000000000000000000000000000000000000000000000000000000000000000000000000000000000000000000000000000000000000000000000000000000000000000000000000000000000000000000000000000000000000000000000000000000000000000000000000000000.000000
xWobble = 0.000000
yWobble = 410233482950770600000000000000000000000000000000000000000000000000000000000000000000000000000000000000000000000000000000000000000000000000000000000000000000000000000000000000000000000000000000000000000000000000000000000000000000000000000000000000000000000000000000000.000000
period = 0
wobbleStartTime = 0
x = 311.588864
y = 1.105289
x = -298.727628
y = -0.463431
