version = 0.300000
color1 = 0xff00ff00
color2 = 0x753300e8
colorScaler = 0.000000
iterations = 7
scale = 0.500000
twist = 0.523599
numbVectors = 4
numbExits = 4
x = -1324.444452
y = 1755.123552
x0 = 0.000000
y0 = 0.000000
xorig = -1464.515439
yorig = 1807.924634
xWobble = 0.100000
yWobble = 0.100000
period = 1400
wobbleStartTime = 714010
x = -1006.986946
y = 382.957326
x0 = 0.000000
y0 = 0.000000
xorig = -1275.570689
yorig = 343.932338
xWobble = 0.100000
yWobble = 0.100000
period = 0
wobbleStartTime = 681690
x = 243.224313
y = 1886.594594
x0 = 0.000000
y0 = 0.000000
xorig = 236.426116
yorig = 1721.690634
xWobble = 0.100000
yWobble = 0.100000
period = 1400
wobbleStartTime = 715891
x = 629.949460
y = 351.509376
x0 = 0.000000
y0 = 0.000000
xorig = 679.709313
yorig = 329.093143
xWobble = 0.100000
yWobble = 0.100000
period = 1400
wobbleStartTime = 718443
x = -1324.444452
y = 1755.123552
x = -1006.986946
y = 382.957326
x = 243.224313
y = 1886.594594
x = 629.949460
y = 351.509376
