version = 0.300000
color1 = 0xff00ff00
color2 = 0x75d700e8
colorScaler = 0.000000
iterations = 12
scale = 0.500000
twist = 0.523599
numbVectors = 3
numbExits = 3
x = 196.713594
y = 279.355452
x0 = 0.000000
y0 = 0.000000
xorig = 0.033693
yorig = -188.719954
xWobble = 0.100000
yWobble = 0.100000
period = 0
