version = 0.300000
color1 = 0xff00ff00
color2 = 0x75d700e8
colorScaler = 0.000000
iterations = 7
scale = 0.500000
twist = 0.523599
numbVectors = 4
numbExits = 4
x = 0.033693
y = -188.719954
x0 = 0.000000
y0 = 0.000000
xorig = 0.033693
yorig = -188.719954
xWobble = 0.100000
yWobble = 0.100000
period = 0
wobbleStartTime = 345187
x = -1817.285150
y = -513.111505
x0 = 0.000000
y0 = 0.000000
xorig = -1655.135597
yorig = -503.021407
xWobble = 0.100000
yWobble = 0.100000
period = 1400
wobbleStartTime = 33493
x = 296.405465
y = 49.591839
x0 = 0.000000
y0 = 0.000000
xorig = 274.560722
yorig = 52.789784
xWobble = 0.100000
yWobble = 0.100000
period = 1400
wobbleStartTime = 28083
x = 2.209999
y = 187.694083
x0 = 0.000000
y0 = 0.000000
xorig = 2.209999
yorig = 187.694083
xWobble = 0.100000
yWobble = 0.100000
period = 0
wobbleStartTime = 347713
x = 0.033693
y = -188.719954
x = -1817.285150
y = -513.111505
x = 296.405465
y = 49.591839
x = 2.209999
y = 187.694083
